name: stage
channels:
  - conda-forge
  - defaults
dependencies:
  - asttokens=3.0.0=pyhd8ed1ab_1
  - bzip2=1.0.8=h2466b09_7
  - ca-certificates=2025.1.31=h56e8100_0
  - colorama=0.4.6=pyhd8ed1ab_1
  - comm=0.2.2=pyhd8ed1ab_1
  - cpython=3.13.2=py313hd8ed1ab_101
  - debugpy=1.8.12=py313h5813708_0
  - decorator=5.2.1=pyhd8ed1ab_0
  - exceptiongroup=1.2.2=pyhd8ed1ab_1
  - executing=2.1.0=pyhd8ed1ab_1
  - importlib-metadata=8.6.1=pyha770c72_0
  - ipykernel=6.29.5=pyh4bbf305_0
  - ipython=8.32.0=pyh9ab4c32_0
  - jedi=0.19.2=pyhd8ed1ab_1
  - jupyter_client=8.6.3=pyhd8ed1ab_1
  - jupyter_core=5.7.2=pyh5737063_1
  - krb5=1.21.3=hdf4eb48_0
  - libexpat=2.6.4=he0c23c2_0
  - libffi=3.4.6=h537db12_0
  - liblzma=5.6.4=h2466b09_0
  - libmpdec=4.0.0=h2466b09_0
  - libsodium=1.0.20=hc70643c_0
  - libsqlite=3.49.1=h67fdade_1
  - libzlib=1.3.1=h2466b09_2
  - matplotlib-inline=0.1.7=pyhd8ed1ab_1
  - nest-asyncio=1.6.0=pyhd8ed1ab_1
  - openssl=3.4.1=ha4e3fda_0
  - packaging=24.2=pyhd8ed1ab_2
  - parso=0.8.4=pyhd8ed1ab_1
  - pickleshare=0.7.5=pyhd8ed1ab_1004
  - pip=25.0.1=pyh145f28c_0
  - platformdirs=4.3.6=pyhd8ed1ab_1
  - prompt-toolkit=3.0.50=pyha770c72_0
  - psutil=7.0.0=py313ha7868ed_0
  - pure_eval=0.2.3=pyhd8ed1ab_1
  - pygments=2.19.1=pyhd8ed1ab_0
  - python=3.13.2=h261c0b1_101_cp313
  - python-dateutil=2.9.0.post0=pyhff2d567_1
  - python_abi=3.13=5_cp313
  - pywin32=307=py313h5813708_3
  - pyzmq=26.2.1=py313h2100fd5_0
  - six=1.17.0=pyhd8ed1ab_0
  - stack_data=0.6.3=pyhd8ed1ab_1
  - tk=8.6.13=h5226925_1
  - tornado=6.4.2=py313ha7868ed_0
  - traitlets=5.14.3=pyhd8ed1ab_1
  - typing_extensions=4.12.2=pyha770c72_1
  - ucrt=10.0.22621.0=h57928b3_1
  - vc=14.3=h5fd82a7_24
  - vc14_runtime=14.42.34433=h6356254_24
  - wcwidth=0.2.13=pyhd8ed1ab_1
  - zeromq=4.3.5=ha9f60a1_7
  - zipp=3.21.0=pyhd8ed1ab_1
  - pip:
      - altair==5.5.0
      - attrs==25.3.0
      - blinker==1.9.0
      - cachetools==5.5.2
      - certifi==2025.1.31
      - charset-normalizer==3.4.1
      - click==8.1.8
      - contourpy==1.3.1
      - coverage==7.8.0
      - cycler==0.12.1
      - et-xmlfile==2.0.0
      - fastjsonschema==2.21.1
      - fonttools==4.56.0
      - gitdb==4.0.12
      - gitpython==3.1.44
      - idna==3.10
      - iniconfig==2.1.0
      - jinja2==3.1.6
      - joblib==1.4.2
      - jsonschema==4.23.0
      - jsonschema-specifications==2024.10.1
      - kiwisolver==1.4.8
      - line-profiler==4.2.0
      - markupsafe==3.0.2
      - matplotlib==3.10.1
      - narwhals==1.31.0
      - nbformat==5.10.4
      - numpy==2.2.3
      - openpyxl==3.1.5
      - pandas==2.2.3
      - patsy==1.0.1
      - pillow==11.1.0
      - plotly==6.0.1
      - pluggy==1.5.0
      - protobuf==5.29.4
      - pyarrow==19.0.1
      - pydeck==0.9.1
      - pymedphys==0.40.0
      - pyparsing==3.2.1
      - pytest==8.3.5
      - pytest-cov==6.1.1
      - pytz==2025.1
      - referencing==0.36.2
      - requests==2.32.3
      - rpds-py==0.23.1
      - scikit-learn==1.6.1
      - scipy==1.15.2
      - seaborn==0.13.2
      - setuptools==75.8.2
      - smmap==5.0.2
      - statsmodels==0.14.4
      - streamlit==1.43.2
      - tenacity==9.0.0
      - threadpoolctl==3.6.0
      - toml==0.10.2
      - tomlkit==0.13.2
      - tzdata==2025.1
      - urllib3==2.3.0
      - watchdog==6.0.0
prefix: C:\Users\Laris\miniconda3\envs\stage
